{
  "nbformat": 4,
  "nbformat_minor": 0,
  "metadata": {
    "colab": {
      "provenance": []
    },
    "kernelspec": {
      "name": "python3",
      "display_name": "Python 3"
    },
    "language_info": {
      "name": "python"
    }
  },
  "cells": [
    {
      "cell_type": "code",
      "source": [
        "import pandas as pd\n",
        "import numpy as np\n",
        "from haversine import haversine, Unit\n",
        "import random, sys, time, math\n",
        "%matplotlib inline\n",
        "import matplotlib.pyplot as plt\n",
        "\n",
        "import warnings\n",
        "warnings.filterwarnings('ignore')"
      ],
      "metadata": {
        "id": "eu8bzjKjV9zx"
      },
      "execution_count": 72,
      "outputs": []
    },
    {
      "cell_type": "code",
      "source": [
        "class ACO():\n",
        "    def __init__(self):\n",
        "        self.y = []\n",
        "        self.z = []\n",
        "\n",
        "    def calculate_distance(self, paths):\n",
        "        total_distance = 0;\n",
        "        x = paths[0]\n",
        "        for p in range(len(paths)): \n",
        "            i = paths[p]\n",
        "            total_distance +=distance[x][i]\n",
        "            if verbose:\n",
        "                print(x, i,distance[x][i], total_distance)\n",
        "            x = i\n",
        "\n",
        "        if verbose:\n",
        "            print(total_distance)\n",
        "        return total_distance\n",
        "    \n",
        "\n",
        "    def Fit(self, distance, nk=10, maxIterations=100, beta=2, zeta=0.1, rho=0.2, q0=0.7, plot=False, verbose=False):\n",
        "        _distance = distance \n",
        "        X = distance[0]\n",
        "        Y = X\n",
        "        \n",
        "        # initial phemorone\n",
        "        total_distance = 0;\n",
        "        x = 0\n",
        "        for i in range(len(X)):    \n",
        "            total_distance += _distance[x][i]\n",
        "            x = i\n",
        "\n",
        "        _pheromoneInitialValue = 1/total_distance\n",
        "        if verbose:\n",
        "            print(total_distance, _pheromoneInitialValue)\n",
        "            print()\n",
        "\n",
        "        _pheromone = []        \n",
        "        for x in X:      \n",
        "            result = [_pheromoneInitialValue for y in Y]\n",
        "            _pheromone.append(result)\n",
        "\n",
        "        if depot == -1: # start from random node\n",
        "            _depot = random.sample(range(0, len(df1)), nk)\n",
        "        else:\n",
        "            _depot = [depot] * nk \n",
        "\n",
        "        if verbose:\n",
        "            print('_depot')\n",
        "            print(_depot)\n",
        "            print()\n",
        "\n",
        "        \n",
        "        best_paths = []\n",
        "        best_distance = sys.float_info.max\n",
        "\n",
        "        start_time_process = time.time()\n",
        "\n",
        "\n",
        "        for it in range(maxIterations):\n",
        "            best_current_paths = []\n",
        "\n",
        "            best_current_distance = sys.float_info.max\n",
        "\n",
        "\n",
        "            total_node = 1\n",
        "            exist = []\n",
        "            for ant in range(nk):\n",
        "                if verbose:\n",
        "                    print()\n",
        "                    print(\"Semut\", ant, \" ... \", _depot[ant])\n",
        "\n",
        "                paths = []\n",
        "                exist = [] \n",
        "                _from = _depot[ant]\n",
        "                paths.append(_depot[ant])\n",
        "                exist.append(_depot[ant])\n",
        "\n",
        "\n",
        "                while len(paths) < len(df1):    \n",
        "                    # get all node not visited yet\n",
        "                    _posibleNode = []\n",
        "                    for i in range(len(X)):\n",
        "                        _exist = False\n",
        "                        for x in exist:\n",
        "                            if i == x:\n",
        "                                _exist = True\n",
        "                        if not _exist:\n",
        "                            _posibleNode.append(i)     \n",
        "                    _q0 = np.random.randn()\n",
        "                    if _q0 <= q0:\n",
        "                        # get by heuristic \n",
        "                        if verbose:\n",
        "                            print(\"heuristic\")\n",
        "\n",
        "                        shortTransition = sys.float_info.max\n",
        "                        __to = -1\n",
        "                        for p in _posibleNode:\n",
        "                            distanceValue = _distance[_from][p]\n",
        "                            pheromoneValue = _pheromone[_from][p]\n",
        "                            transitionValue = (1/pheromoneValue) * math.pow(distanceValue, beta)\n",
        "                            if verbose:\n",
        "                                print(_from, p, distanceValue, pheromoneValue, transitionValue)\n",
        "                            if shortTransition > transitionValue:\n",
        "                                shortTransition = transitionValue\n",
        "                                _to = p\n",
        "\n",
        "                        paths.append(_to)\n",
        "                        exist.append(_to)\n",
        "                        if verbose:\n",
        "                            print('next: ', _to)  \n",
        "                    else:    \n",
        "                        # get by random\n",
        "                        if verbose:\n",
        "                            print(\"random\")\n",
        "                        _to = random.randint(0, len(df)) \n",
        "                        while _to in exist:\n",
        "                            _to = random.randint(0, len(df)) \n",
        "                        paths.append(_to)\n",
        "                        exist.append(_to)\n",
        "\n",
        "                        if verbose:\n",
        "                            print('next: ', _to)\n",
        "\n",
        "                    # Apply local pheromone updating\n",
        "                    pheromoneValue = _pheromone[_from][_to]\n",
        "                    tau = (( 1 - zeta) * pheromoneValue) + _pheromoneInitialValue\n",
        "                    _pheromone[_from][_to] = tau\n",
        "                    _pheromone[_to][_from] = tau\n",
        "\n",
        "                    _from = _to\n",
        "\n",
        "                    if verbose:\n",
        "                        print(paths)\n",
        "                        print()\n",
        "\n",
        "                distance = self.calculate_distance(paths)\n",
        "\n",
        "                if best_current_distance > distance:\n",
        "                    best_current_distance = distance \n",
        "                    best_current_paths = paths\n",
        "\n",
        "\n",
        "\n",
        "            if best_distance > best_current_distance:\n",
        "                best_distance = best_current_distance\n",
        "                best_paths = best_current_paths\n",
        "\n",
        "            self.y.append(best_distance)\n",
        "            self.z.append(best_current_distance)\n",
        "\n",
        "        #     Apply global pheromone updating\n",
        "            __from = paths[0]\n",
        "            for nn in range(len(paths)):\n",
        "                __to = paths[nn]\n",
        "                if __from != __to:\n",
        "                    pheromoneValue = _pheromone[__from][__to]\n",
        "                    tau = (( 1 - rho) * pheromoneValue) + _pheromoneInitialValue\n",
        "                    _pheromone[__from][__to] = tau\n",
        "                    _pheromone[__to][__from] = tau\n",
        "                __from = __to\n",
        "\n",
        "\n",
        "            print(it, \" ... \", distance, \":\", best_distance)\n",
        "\n",
        "        print()\n",
        "        print(\"All Process --- %s seconds ---\" % (time.time() - start_time_process))\n",
        "\n",
        "        #     print(best_current_paths)\n",
        "        print('Best path')\n",
        "        print(best_paths)\n",
        "        result = self.calculate_distance(best_paths)\n",
        "        print('Best distance')\n",
        "        print(result)\n",
        "        print()\n",
        "            \n",
        "        return best_paths, result\n",
        "\n",
        "    def Plot(self):\n",
        "        fig = plt.figure()\n",
        "        ax = plt.axes()\n",
        "        y = np.array(self.y)\n",
        "        z = np.array(self.z)\n",
        "        __w = np.average(self.z)\n",
        "        w = [__w] * maxIterations\n",
        "        w = np.array(w)\n",
        "        x = np.linspace(0, maxIterations, maxIterations)\n",
        "        ax.plot(x, y, z);\n",
        "        ax.plot(x, w, z);"
      ],
      "metadata": {
        "id": "OHqKQIG9V-4I"
      },
      "execution_count": 73,
      "outputs": []
    },
    {
      "cell_type": "code",
      "source": [
        "file_url = '/content/New Microsoft Excel Worksheet (2).csv'\n",
        "_file = file_url.strip(\".csv\")\n",
        "file_result =  _file + '_Result_ACO.csv'\n",
        "df = pd.read_csv(file_url)\n",
        "\n",
        "_job = df.groupby('cluster')['tracking_id'].count().sort_values(ascending=[False])\n",
        "print(_job)\n",
        "# print(len(_job))\n",
        "print()\n",
        "\n",
        "max_capacity = 0\n",
        "for nc in range(len(_job)):\n",
        "     if _job[nc] > max_capacity:\n",
        "         max_capacity = _job[nc]\n",
        "        \n",
        "df1 = df[['lat', 'lng']]\n",
        "print(len(df1), \" data processing ... \") \n",
        "print()\n",
        "\n",
        "depot_lat = 2.971718\n",
        "depot_lng = 101.608376\n",
        "depot = 0\n",
        "\n",
        "_data = df[['lat', 'lng']]    \n",
        "_data.loc[-1] = [depot_lng, depot_lat]  # adding a row\n",
        "_data.index = _data.index + 1  # shifting index\n",
        "_data.sort_index(inplace=True) \n",
        "\n",
        "df1 = _data[['lng', 'lat']]\n",
        "problem = np.array(df1)\n",
        "\n",
        "distance = []\n",
        "for i in range(len(_data)):\n",
        "    lat = _data.iloc[i]['lat']\n",
        "    lng = _data.iloc[i]['lng']\n",
        "    from_node = (lng, lat)\n",
        "    result = []\n",
        "    for j in range(len(_data)):\n",
        "        lat = _data.iloc[j]['lat']\n",
        "        lng = _data.iloc[j]['lng']\n",
        "        to_node = (lng, lat)\n",
        "        if i == 0:\n",
        "            dist = 0\n",
        "        elif j == 0:\n",
        "            dist = 0\n",
        "        else:\n",
        "            dist = round(haversine(from_node, to_node, unit=Unit.METERS) * 2)\n",
        "        result.append(dist/1000)\n",
        "    distance.append(result)\n",
        "    \n",
        "print(distance) \n",
        "print()\n",
        "\n",
        "\n",
        "\n",
        "nk = 5  # number of k = ants\n",
        "maxIterations = 100\n",
        "beta =  4  # Heuristic constant\n",
        "zeta = 0.4 # local Pheromone decay   \n",
        "rho = 0.2  # global Pheromone decay\n",
        "q0 = 0.7   # randomnize\n",
        "plot=False\n",
        "verbose = False\n",
        "\n",
        "optimizer = ACO()\n",
        "\n",
        "best_paths, result = optimizer.Fit(distance, nk, maxIterations, beta, zeta, rho, q0, plot, verbose)\n",
        "optimizer.Plot()\n",
        "\n",
        "\n",
        "\n",
        "# convert into list New order\n",
        "# -------\n",
        "_newCluster = [0] * len(df)\n",
        "_newOrder = [0] * len(df)\n",
        "\n",
        "_order = 1\n",
        "for o in range(len(best_paths)):\n",
        "    if o > 0:\n",
        "        pos = best_paths[o]\n",
        "\n",
        "        _newCluster[pos-1] = 0\n",
        "        _newOrder[pos-1] = _order\n",
        "        if verbose:\n",
        "            print(o, pos)\n",
        "            print(_newCluster)\n",
        "            print(_newOrder)\n",
        "\n",
        "        _order += 1\n",
        "\n",
        "# print(_newCluster)\n",
        "# print(_newOrder)\n",
        "df['New Cluster'] = _newCluster\n",
        "df['New Order'] = _newOrder\n",
        "print(\"Result was saving ... \", file_result)\n",
        "df.to_csv(file_result, index=False)  \n"
      ],
      "metadata": {
        "colab": {
          "base_uri": "https://localhost:8080/",
          "height": 1000
        },
        "id": "h5FsHrIMbgSq",
        "outputId": "dc21b751-5a61-4af8-8a9f-a60a135062b0"
      },
      "execution_count": 78,
      "outputs": [
        {
          "output_type": "stream",
          "name": "stdout",
          "text": [
            "cluster\n",
            "0    27\n",
            "Name: tracking_id, dtype: int64\n",
            "\n",
            "27  data processing ... \n",
            "\n",
            "[[0.0, 0.0, 0.0, 0.0, 0.0, 0.0, 0.0, 0.0, 0.0, 0.0, 0.0, 0.0, 0.0, 0.0, 0.0, 0.0, 0.0, 0.0, 0.0, 0.0, 0.0, 0.0, 0.0, 0.0, 0.0, 0.0, 0.0, 0.0], [0.0, 0.0, 0.314, 0.804, 0.886, 1.974, 2.259, 2.41, 2.355, 2.351, 2.381, 2.733, 3.038, 3.615, 4.319, 4.078, 3.659, 3.435, 2.648, 2.103, 2.272, 2.348, 2.43, 2.43, 3.341, 3.341, 3.206, 3.332], [0.0, 0.314, 0.0, 0.494, 0.574, 1.67, 1.958, 2.142, 2.092, 2.13, 2.218, 2.681, 3.065, 3.618, 4.077, 3.795, 3.348, 3.121, 2.334, 1.824, 2.077, 2.12, 2.152, 2.152, 3.045, 3.045, 2.905, 3.023], [0.0, 0.804, 0.494, 0.0, 0.085, 1.255, 1.547, 1.828, 1.79, 1.93, 2.132, 2.771, 3.261, 3.772, 3.797, 3.421, 2.886, 2.649, 1.862, 1.363, 1.752, 1.738, 1.689, 1.689, 2.558, 2.558, 2.415, 2.529], [0.0, 0.886, 0.574, 0.085, 0.0, 1.175, 1.466, 1.759, 1.723, 1.878, 2.097, 2.763, 3.272, 3.773, 3.729, 3.342, 2.802, 2.564, 1.778, 1.305, 1.734, 1.705, 1.63, 1.63, 2.487, 2.487, 2.341, 2.451], [0.0, 1.974, 1.67, 1.255, 1.175, 0.0, 0.291, 0.738, 0.745, 1.136, 1.592, 2.556, 3.264, 3.616, 2.651, 2.173, 1.713, 1.531, 0.791, 1.369, 2.213, 2.013, 1.557, 1.557, 1.986, 1.986, 1.793, 1.734], [0.0, 2.259, 1.958, 1.547, 1.466, 0.291, 0.0, 0.594, 0.631, 1.091, 1.593, 2.598, 3.339, 3.647, 2.404, 1.886, 1.457, 1.304, 0.64, 1.521, 2.397, 2.172, 1.66, 1.66, 1.941, 1.941, 1.742, 1.628], [0.0, 2.41, 2.142, 1.828, 1.759, 0.738, 0.594, 0.0, 0.08, 0.548, 1.074, 2.1, 2.874, 3.126, 1.972, 1.688, 1.695, 1.644, 1.166, 2.094, 2.949, 2.742, 2.25, 2.25, 2.501, 2.501, 2.301, 2.145], [0.0, 2.355, 2.092, 1.79, 1.723, 0.745, 0.631, 0.08, 0.0, 0.481, 1.005, 2.03, 2.801, 3.06, 2.006, 1.754, 1.774, 1.719, 1.223, 2.11, 2.957, 2.757, 2.277, 2.277, 2.554, 2.554, 2.354, 2.206], [0.0, 2.351, 2.13, 1.93, 1.878, 1.136, 1.091, 0.548, 0.481, 0.0, 0.527, 1.553, 2.332, 2.579, 1.984, 1.977, 2.212, 2.182, 1.702, 2.496, 3.302, 3.129, 2.693, 2.693, 3.029, 3.029, 2.829, 2.687], [0.0, 2.381, 2.218, 2.132, 2.097, 1.592, 1.593, 1.074, 1.005, 0.527, 0.0, 1.027, 1.809, 2.058, 2.161, 2.364, 2.726, 2.707, 2.217, 2.91, 3.665, 3.522, 3.134, 3.134, 3.534, 3.534, 3.335, 3.206], [0.0, 2.733, 2.681, 2.771, 2.763, 2.556, 2.598, 2.1, 2.03, 1.553, 1.027, 0.0, 0.799, 1.062, 2.786, 3.241, 3.742, 3.733, 3.231, 3.791, 4.459, 4.361, 4.048, 4.048, 4.531, 4.531, 4.334, 4.222], [0.0, 3.038, 3.065, 3.261, 3.272, 3.264, 3.339, 2.874, 2.801, 2.332, 1.809, 0.799, 0.0, 0.621, 3.513, 4.029, 4.534, 4.515, 3.978, 4.415, 5.003, 4.943, 4.693, 4.693, 5.25, 5.25, 5.056, 4.967], [0.0, 3.615, 3.618, 3.772, 3.773, 3.616, 3.647, 3.126, 3.06, 2.579, 2.058, 1.062, 0.621, 0.0, 3.398, 4.051, 4.712, 4.733, 4.275, 4.847, 5.491, 5.407, 5.108, 5.108, 5.586, 5.586, 5.388, 5.264], [0.0, 4.319, 4.077, 3.797, 3.729, 2.651, 2.404, 1.972, 2.006, 1.984, 2.161, 2.786, 3.513, 3.398, 0.0, 1.013, 2.225, 2.453, 2.626, 3.87, 4.766, 4.51, 3.925, 3.925, 3.757, 3.757, 3.582, 3.281], [0.0, 4.078, 3.795, 3.421, 3.342, 2.173, 1.886, 1.688, 1.754, 1.977, 2.364, 3.241, 4.029, 4.051, 1.013, 0.0, 1.25, 1.513, 1.88, 3.168, 4.058, 3.775, 3.159, 3.159, 2.837, 2.837, 2.677, 2.353], [0.0, 3.659, 3.348, 2.886, 2.802, 1.713, 1.457, 1.695, 1.774, 2.212, 2.726, 3.742, 4.534, 4.712, 2.225, 1.25, 0.0, 0.314, 1.033, 2.198, 3.033, 2.726, 2.099, 2.099, 1.606, 1.606, 1.463, 1.123], [0.0, 3.435, 3.121, 2.649, 2.564, 1.531, 1.304, 1.644, 1.719, 2.182, 2.707, 3.733, 4.515, 4.733, 2.453, 1.513, 0.314, 0.0, 0.787, 1.892, 2.72, 2.413, 1.786, 1.786, 1.324, 1.324, 1.169, 0.84], [0.0, 2.648, 2.334, 1.862, 1.778, 0.791, 0.64, 1.166, 1.223, 1.702, 2.217, 3.231, 3.978, 4.275, 2.626, 1.88, 1.033, 0.787, 0.0, 1.289, 2.18, 1.903, 1.301, 1.301, 1.337, 1.337, 1.138, 0.99], [0.0, 2.103, 1.824, 1.363, 1.305, 1.369, 1.521, 2.094, 2.11, 2.496, 2.91, 3.791, 4.415, 4.847, 3.87, 3.168, 2.198, 1.892, 1.289, 0.0, 0.898, 0.651, 0.328, 0.328, 1.273, 1.273, 1.176, 1.405], [0.0, 2.272, 2.077, 1.752, 1.734, 2.213, 2.397, 2.949, 2.957, 3.302, 3.665, 4.459, 5.003, 5.491, 4.766, 4.058, 3.033, 2.72, 2.18, 0.898, 0.0, 0.317, 0.935, 0.935, 1.773, 1.773, 1.77, 2.084], [0.0, 2.348, 2.12, 1.738, 1.705, 2.013, 2.172, 2.742, 2.757, 3.129, 3.522, 4.361, 4.943, 5.407, 4.51, 3.775, 2.726, 2.413, 1.903, 0.651, 0.317, 0.0, 0.628, 0.628, 1.462, 1.462, 1.453, 1.767], [0.0, 2.43, 2.152, 1.689, 1.63, 1.557, 1.66, 2.25, 2.277, 2.693, 3.134, 4.048, 4.693, 5.108, 3.925, 3.159, 2.099, 1.786, 1.301, 0.328, 0.935, 0.628, 0.0, 0.0, 0.977, 0.977, 0.908, 1.182], [0.0, 2.43, 2.152, 1.689, 1.63, 1.557, 1.66, 2.25, 2.277, 2.693, 3.134, 4.048, 4.693, 5.108, 3.925, 3.159, 2.099, 1.786, 1.301, 0.328, 0.935, 0.628, 0.0, 0.0, 0.977, 0.977, 0.908, 1.182], [0.0, 3.341, 3.045, 2.558, 2.487, 1.986, 1.941, 2.501, 2.554, 3.029, 3.534, 4.531, 5.25, 5.586, 3.757, 2.837, 1.606, 1.324, 1.337, 1.273, 1.773, 1.462, 0.977, 0.977, 0.0, 0.0, 0.2, 0.485], [0.0, 3.341, 3.045, 2.558, 2.487, 1.986, 1.941, 2.501, 2.554, 3.029, 3.534, 4.531, 5.25, 5.586, 3.757, 2.837, 1.606, 1.324, 1.337, 1.273, 1.773, 1.462, 0.977, 0.977, 0.0, 0.0, 0.2, 0.485], [0.0, 3.206, 2.905, 2.415, 2.341, 1.793, 1.742, 2.301, 2.354, 2.829, 3.335, 4.334, 5.056, 5.388, 3.582, 2.677, 1.463, 1.169, 1.138, 1.176, 1.77, 1.453, 0.908, 0.908, 0.2, 0.2, 0.0, 0.35], [0.0, 3.332, 3.023, 2.529, 2.451, 1.734, 1.628, 2.145, 2.206, 2.687, 3.206, 4.222, 4.967, 5.264, 3.281, 2.353, 1.123, 0.84, 0.99, 1.405, 2.084, 1.767, 1.182, 1.182, 0.485, 0.485, 0.35, 0.0]]\n",
            "\n",
            "0  ...  29.404999999999998 : 23.987999999999992\n",
            "1  ...  22.623000000000005 : 22.623000000000005\n",
            "2  ...  34.542 : 20.528000000000002\n",
            "3  ...  30.988999999999997 : 20.528000000000002\n",
            "4  ...  33.998 : 20.528000000000002\n",
            "5  ...  38.349000000000004 : 20.528000000000002\n",
            "6  ...  26.551 : 20.528000000000002\n",
            "7  ...  28.880000000000003 : 20.528000000000002\n",
            "8  ...  23.208999999999996 : 20.528000000000002\n",
            "9  ...  28.168000000000006 : 20.528000000000002\n",
            "10  ...  33.559 : 20.528000000000002\n",
            "11  ...  31.225 : 20.528000000000002\n",
            "12  ...  21.554000000000002 : 20.528000000000002\n",
            "13  ...  30.579999999999995 : 20.528000000000002\n",
            "14  ...  26.274 : 20.528000000000002\n",
            "15  ...  32.94200000000001 : 20.528000000000002\n",
            "16  ...  29.989000000000004 : 20.528000000000002\n",
            "17  ...  24.505 : 20.528000000000002\n",
            "18  ...  31.674999999999997 : 20.528000000000002\n",
            "19  ...  26.587 : 20.528000000000002\n",
            "20  ...  32.42100000000001 : 20.528000000000002\n",
            "21  ...  28.472000000000005 : 20.528000000000002\n",
            "22  ...  23.296999999999997 : 20.528000000000002\n",
            "23  ...  33.455999999999996 : 20.528000000000002\n",
            "24  ...  30.102 : 20.528000000000002\n",
            "25  ...  22.487 : 20.528000000000002\n",
            "26  ...  23.876 : 20.06\n",
            "27  ...  29.773 : 20.06\n",
            "28  ...  24.42 : 17.615\n",
            "29  ...  28.058000000000007 : 17.615\n",
            "30  ...  24.512999999999998 : 17.615\n",
            "31  ...  28.611 : 17.615\n",
            "32  ...  22.036 : 17.615\n",
            "33  ...  18.836 : 17.615\n",
            "34  ...  30.745 : 17.615\n",
            "35  ...  27.216 : 17.615\n",
            "36  ...  31.704 : 17.615\n",
            "37  ...  30.407000000000004 : 17.615\n",
            "38  ...  27.540999999999997 : 17.615\n",
            "39  ...  28.502 : 17.615\n",
            "40  ...  31.024 : 17.615\n",
            "41  ...  28.304 : 17.615\n",
            "42  ...  31.700999999999997 : 17.615\n",
            "43  ...  40.083000000000006 : 17.615\n",
            "44  ...  28.21 : 17.615\n",
            "45  ...  25.004999999999995 : 17.615\n",
            "46  ...  22.448999999999995 : 17.615\n",
            "47  ...  31.012999999999998 : 17.615\n",
            "48  ...  28.069 : 17.615\n",
            "49  ...  29.93 : 17.615\n",
            "50  ...  23.181 : 17.615\n",
            "51  ...  23.899 : 17.615\n",
            "52  ...  32.963 : 17.615\n",
            "53  ...  31.203000000000003 : 17.615\n",
            "54  ...  25.171 : 17.615\n",
            "55  ...  28.573000000000008 : 17.615\n",
            "56  ...  26.187 : 17.615\n",
            "57  ...  29.758999999999997 : 17.615\n",
            "58  ...  28.940000000000005 : 17.615\n",
            "59  ...  21.467000000000006 : 17.615\n",
            "60  ...  27.273000000000003 : 17.615\n",
            "61  ...  27.779999999999998 : 17.615\n",
            "62  ...  35.194 : 17.615\n",
            "63  ...  32.64699999999999 : 17.615\n",
            "64  ...  24.003 : 17.615\n",
            "65  ...  30.351999999999997 : 17.615\n",
            "66  ...  33.864999999999995 : 17.615\n",
            "67  ...  38.405 : 17.615\n",
            "68  ...  22.401 : 17.615\n",
            "69  ...  31.905 : 17.615\n",
            "70  ...  39.842000000000006 : 17.615\n",
            "71  ...  26.778000000000006 : 17.615\n",
            "72  ...  27.820999999999998 : 17.615\n",
            "73  ...  23.186999999999998 : 17.615\n",
            "74  ...  21.421 : 17.615\n",
            "75  ...  31.915999999999997 : 17.615\n",
            "76  ...  33.120999999999995 : 17.615\n",
            "77  ...  27.112999999999996 : 17.615\n",
            "78  ...  30.387999999999998 : 17.615\n",
            "79  ...  34.52899999999999 : 17.615\n",
            "80  ...  31.151999999999997 : 17.615\n",
            "81  ...  20.788 : 17.615\n",
            "82  ...  26.088 : 17.615\n",
            "83  ...  30.548999999999992 : 17.615\n",
            "84  ...  24.021 : 17.615\n",
            "85  ...  29.444000000000003 : 17.615\n",
            "86  ...  27.545 : 17.615\n",
            "87  ...  21.877000000000002 : 17.615\n",
            "88  ...  25.7 : 17.615\n",
            "89  ...  22.171999999999997 : 17.615\n",
            "90  ...  27.921999999999997 : 17.615\n",
            "91  ...  25.695999999999998 : 17.615\n",
            "92  ...  27.192999999999998 : 17.615\n",
            "93  ...  30.167 : 17.615\n",
            "94  ...  27.256999999999994 : 17.615\n",
            "95  ...  36.26100000000001 : 17.615\n",
            "96  ...  22.235999999999997 : 17.615\n",
            "97  ...  20.628 : 17.615\n",
            "98  ...  25.601000000000003 : 17.615\n",
            "99  ...  25.843 : 17.615\n",
            "\n",
            "All Process --- 0.4869704246520996 seconds ---\n",
            "Best path\n",
            "[0, 1, 2, 3, 4, 5, 6, 7, 8, 9, 10, 11, 12, 13, 14, 15, 16, 17, 18, 25, 24, 26, 27, 23, 22, 19, 21, 20]\n",
            "Best distance\n",
            "17.615\n",
            "\n",
            "Result was saving ...  /content/New Microsoft Excel Worksheet (2)_Result_ACO.csv\n"
          ]
        },
        {
          "output_type": "display_data",
          "data": {
            "text/plain": [
              "<Figure size 640x480 with 1 Axes>"
            ],
